9.80390009012 9.61801384879 8.43347438687 6.6781403884 4.92926121297 3.70964107753 3.31381949026 3.72565243588 4.65329740163 5.66332403187 6.35920259224 6.53435948898 6.24169903897 5.75514090948 5.4411905357 5.59348160029 6.29725785846 7.37864456952 8.46011099732 9.10174028515 8.9739723135 7.99450493798 6.37509304077 4.55812487568 3.06501797613 2.31248941038 2.46553186769 3.38248767238 4.67300084367 5.84699451553 6.49840907024 6.45437299412 5.83375929802 4.99365436287 4.38495807099 4.37287071557 5.09124273512 6.38664332104 7.87357270693 9.07966236938 9.62524543218 9.3684980013 8.4604808318 7.28882802855 6.33138176115 5.97549878322 6.371900203 7.37877485145 8.61740287208 9.61799451836 10.0 9.61799451836 8.61740287208 7.37877485145 6.371900203 5.97549878322 6.33138176115 7.28882802855 8.4604808318 9.3684980013 9.62524543218 9.07966236938 7.87357270693 6.38664332104 5.09124273512 4.37287071557 4.38495807099 4.99365436287 5.83375929802 6.45437299412 6.49840907024 5.84699451553 4.67300084367 3.38248767238 2.46553186769 2.31248941038 3.06501797613 4.55812487568 6.37509304077 7.99450493798 8.9739723135 9.10174028515 8.46011099732 7.37864456952 6.29725785846 5.59348160029 5.4411905357 5.75514090948 6.24169903897 6.53435948898 6.35920259224 5.66332403187 4.65329740163 3.72565243588 3.31381949026 3.70964107753 4.92926121297 6.6781403884 8.43347438687 9.61801384879 
9.61801384879 9.0687929665 7.59820904016 5.68527238242 3.93186071533 2.85714055407 2.72756077708 3.48202863601 4.77605088727 6.12454058944 7.08716689442 7.42586411916 7.17650610206 6.6107841006 6.106846468 5.98199976063 6.35455553899 7.08964725564 7.85044297996 8.23462580861 7.94237044329 6.9092969897 5.35096319523 3.69935787144 2.45356029172 2.0001904067 2.4715801613 3.69592038108 5.2591034763 6.65571806549 7.47278129886 7.53727438613 6.97220584073 6.14060877205 5.49939639159 5.41916227562 6.03880093689 7.21036701252 8.55502487846 9.60845570174 9.99989886416 9.59615667851 8.55528584115 7.26921761165 6.2170066847 5.78458867101 6.11977007081 7.07777116279 8.2781034143 9.25107394522 9.61799451836 9.23629951317 8.25416698038 7.05378179965 6.10489354955 5.78457256576 6.23197768332 7.29358816086 8.57982173823 9.61144663845 9.99993311791 9.5929647997 8.52967802689 7.18472057918 6.02273196976 5.41910509803 5.51580078228 6.16760959016 6.99968534464 7.55460290155 7.47287075929 6.63786473409 5.22950295272 3.66557485756 2.45228731336 2.00005016569 2.47367588535 3.7330337467 5.38582907655 6.93171561845 7.94260145036 8.21085185762 7.81007444508 7.04722840229 6.32680081642 5.98157575898 6.13708912922 6.66337093929 7.23320890005 7.46416125147 7.08813668639 6.08055126273 4.69563769042 3.39008360984 2.66035027488 2.85328193255 4.02171761604 5.88183358068 7.89218862942 9.42951421159 
8.43347438687 7.59820904016 6.06595513859 4.31896821494 2.91629339433 2.3027322851 2.6588061182 3.84545929659 5.46235583951 6.99679132636 8.0071589893 8.27297088185 7.85704983071 7.05940758235 6.28356762866 5.86898697009 5.95531564591 6.43101643262 6.98553853695 7.24367332531 6.92854660249 5.98831720676 4.63546556024 3.28129228983 2.38895441423 2.30037300608 3.10326783049 4.59007720083 6.32601002771 7.8020579898 8.61628353612 8.61557238179 7.94465336851 6.98408453842 6.20086151795 5.96836739262 6.42394537987 7.41799764587 8.57363511751 9.43378586851 9.63935199098 9.07018848527 7.89487859736 6.51009657943 5.39251215937 4.91961956618 5.2278067222 6.16184844128 7.33518462974 8.2781034143 8.61740287208 8.21905989664 7.23950078699 6.06589458353 5.16820112857 4.91936222653 5.45218155515 6.60745090166 7.9930763285 9.13161387744 9.63989924913 9.3722250553 8.4724588799 7.31529370964 6.35920259224 5.96745411152 6.26582946711 7.09175999029 8.05476866764 8.68562581708 8.61771185607 7.73165468755 6.20811714347 4.46839026689 3.02494658824 2.29813559796 2.46781743343 3.41516908222 4.77539343769 6.0798368558 6.93222688385 7.15128208569 6.82553981649 6.2606239834 5.84108658859 5.86225281892 6.39931326901 7.26660028059 8.08495199413 8.43270171367 8.02242733897 6.83412694411 5.15061864089 3.47722749203 2.37164161617 2.24462550708 3.20478592434 5.00583995158 7.11811640692 8.90088398756 
6.6781403884 5.68527238242 4.31896821494 3.01437876933 2.22646790838 2.26834468052 3.19458708512 4.77403493214 6.56401174755 8.06028585775 8.86857564204 8.83500999085 8.08807396573 6.97765249725 5.93537520439 5.30991463973 5.23995318939 5.61269869127 6.12270978278 6.40702936616 6.20307655792 5.46680282993 4.40380764098 3.39970779725 2.87522836351 3.12117302852 4.1771243182 5.80189040618 7.54921765538 8.92219280803 9.54937658871 9.31674785758 8.40559409623 7.22162660667 6.24157201035 5.83473886927 6.12664638432 6.95599045343 7.94092498544 8.62920698675 8.67492470635 7.97442357828 6.70955175884 5.28161150129 4.16103476688 3.70995999754 4.04530939213 4.99464848117 6.16184844128 7.07777116279 7.37877485145 6.94516089836 5.94684827588 4.77882371114 3.91086157742 3.7086604631 4.29445126084 5.50011747063 6.93063283456 8.11357979431 8.67768764215 8.49224531581 7.71414599909 6.724549479 5.97928807067 5.83013008168 6.38526372496 7.46256386415 8.65397003333 9.47704393364 9.55657879906 8.76764270115 7.28602440921 5.52714822568 3.99675355918 3.1099066496 3.0465664329 3.6975655764 4.72003151356 5.67932199554 6.22156013272 6.20946599244 5.76876187011 5.22738587501 4.97165939023 5.27628410985 6.17592137752 7.43078507405 8.6028388721 9.21640907772 8.94363913614 7.74409436305 5.90346967142 3.95312482389 2.49639929894 2.00277514761 2.6437452635 4.22982591912 6.27181847399 8.14464041971 
4.92926121297 3.93186071533 2.91629339433 2.22646790838 2.16907209962 2.89236988809 4.31131833255 6.11198528888 7.83945769688 9.04154931851 9.41804577435 8.92110339225 7.7689476417 6.3664252614 5.1605702149 4.48396454889 4.44370315345 4.8969539612 5.52154233645 5.95391715792 5.9410322232 5.44710560512 4.67326051967 3.98141319291 3.75082609274 4.22229444437 5.39065232874 6.98871717103 8.57138551756 9.67032416086 9.96217192174 9.3870365185 8.17193402421 6.74913869459 5.59892943232 5.07495397805 5.27737665955 6.02132498506 6.91242969067 7.50089773239 7.45584547248 6.69386758723 5.41305764133 4.01948009526 2.97390054335 2.61693139538 3.03908424966 4.04530939213 5.2278067222 6.11977007081 6.371900203 5.88473722987 4.84651129322 3.66201410476 2.79937373904 2.61284084304 3.20886828058 4.40636002327 5.80618049698 6.94344175585 7.46453906247 7.26141077029 6.51170439698 5.60930669208 5.01145085091 5.06046299309 5.84801753111 7.17377822511 8.61456637817 9.67829686529 9.9847884365 9.40540728371 8.10919359781 6.49866099698 5.06029824961 4.18699417722 4.03988736881 4.50161614849 5.23757446075 5.84011985813 5.99870450584 5.62889990028 4.9091606328 4.2099172316 3.94155846484 4.37996311582 5.53806077571 7.13547091897 8.68161207664 9.64455769421 9.64466046153 8.60125913808 6.7768584077 4.70019482598 2.99383990922 2.16698679993 2.44682308314 3.70774457823 5.52199567873 7.31148410651 
3.70964107753 2.85714055407 2.3027322851 2.26834468052 2.89236988809 4.15468720288 5.84576455547 7.60055545583 8.99396458754 9.66961119719 9.45768654878 8.43797705895 6.92156356116 5.35345951324 4.16790147013 3.64678396549 3.83216166882 4.52497982435 5.37078346885 6.00071554269 6.17498408959 5.87447480499 5.30529432303 4.81386303947 4.74444820189 5.29366418511 6.41860549659 7.83574404431 9.11361150117 9.82638898823 9.71152024546 8.77170682085 7.2815272885 5.69423103454 4.4818001234 3.96693380354 4.20934801599 4.98902671513 5.89303926292 6.47371707041 6.41901756256 5.67108093949 4.44828204586 3.16234840029 2.26173068966 2.06039768002 2.61693139538 3.70995999754 4.91961956618 5.78458867101 5.97549878322 5.41913046739 4.32626219595 3.11242453066 2.24137573992 2.05047240962 2.62408386599 3.76308300504 5.06205235426 6.06494911885 6.4400994131 6.10791424852 5.27253012629 4.34496491341 3.78656121083 3.93183208806 4.85778602026 6.34933373 7.97407641529 9.23841390074 9.76619981995 9.43277839125 8.40434923652 7.06870234804 5.88469036112 5.20860386583 5.16413378304 5.60557989523 6.18788482941 6.51572286019 6.31309100793 5.54648834801 4.45215798853 3.45450984586 3.00485763603 3.40097508799 4.6566416384 6.47279788805 8.3245773077 9.63526246517 9.97534990353 9.21477712578 7.57283786533 5.54729307087 3.74792133791 2.69401946144 2.64756494379 3.53961988044 5.01268196127 6.55932708558 
3.31381949026 2.72756077708 2.6588061182 3.19458708512 4.31131833255 5.84576455547 7.5039239433 8.91704258506 9.73562612171 9.73453630171 8.89294106562 7.41706283237 5.69115950541 4.16726409587 3.22761890022 3.06615251005 3.6311591933 4.65111088139 5.73610091996 6.5195358691 6.7890068904 6.55819796647 6.05275428302 5.61482120063 5.56172510665 6.05230180892 7.01251818485 8.15050943199 9.05769709461 9.35971751375 8.86101052233 7.62792701704 5.97716019697 4.37128104969 3.25815983997 2.91283529504 3.340492535 4.2772469574 5.28936672832 5.93480916461 5.9273411303 5.24210314642 4.12301993035 2.98905251377 2.27426465414 2.26173068966 2.97390054335 4.16103476688 5.39251215937 6.2170066847 6.33138176115 5.6946086647 4.54353218241 3.30423274427 2.43217115409 2.24133405128 2.78694070321 3.84619116048 5.00454534287 5.81507286446 5.97062855845 5.4235554864 4.40728083232 3.3511716363 2.7203831157 2.84087570815 3.77549549561 5.29779984918 6.97341423365 8.31809958719 8.97279650825 8.82967786168 8.06206673779 7.04781559337 6.21641840352 5.87923726436 6.10863599251 6.71301662404 7.3178464694 7.52177539722 7.06752575949 5.96070942737 4.48875086775 3.12963032752 2.38209278938 2.57943356797 3.7563602015 5.61979033888 7.63661895469 9.2085481644 9.87202651471 9.45211147494 8.1160103296 6.30874275855 4.5960499692 3.4724858046 3.2035663084 3.75626646347 4.83799831611 6.02369317154 
3.72565243588 3.48202863601 3.84545929659 4.77403493214 6.11198528888 7.60055545583 8.91704258506 9.74181347314 9.84065171798 9.13901690412 7.7613665842 6.0157382748 4.3202383213 3.08862237457 2.60904030996 2.95610328867 3.96815775041 5.30083226683 6.54144937229 7.34638222803 7.55363291832 7.23022602195 6.63656289904 6.11988690752 5.97549878322 6.32724475814 7.07276252733 7.91568159562 8.47469804532 8.43010506621 7.65312232114 6.2683620437 4.62363172761 3.17546100045 2.33060036863 2.30120768297 3.02762347471 4.1985396533 5.36265931866 6.09183719189 6.13601446966 5.51262380735 4.49696143821 3.51663978801 2.98905251377 3.16234840029 4.01948009526 5.28161150129 6.51009657943 7.26921761165 7.28882802855 6.56575952384 5.36558490603 4.12365516115 3.28226486397 3.12503807884 3.67094554451 4.66814411771 5.69034058408 6.29970606873 6.21510489143 5.42215167749 4.1833142214 2.94382491287 2.16841599525 2.17002303916 2.9946935814 4.40577112082 5.97296003047 7.23227332898 7.85613032263 7.76917087302 7.16613778012 6.42560310319 5.95318380593 6.01503177519 6.62639798205 7.53931342966 8.3356643398 8.59143391417 8.05002552837 6.73804988333 4.97765364808 3.28776101522 2.20818227384 2.10980570416 3.06000532381 4.79268420926 6.79435149554 8.4754625367 9.36560274682 9.26324803707 8.2884711021 6.82321698941 5.3648902241 4.34958622996 4.01015721474 4.3186016015 5.02852795461 5.7949328617 
4.65329740163 4.77605088727 5.46235583951 6.56401174755 7.83945769688 8.99396458754 9.73562612171 9.84065171798 9.21463367592 7.93181823144 6.2355612842 4.49167360022 3.10062500189 2.38992858709 2.5183995655 3.42435325412 4.8384819159 6.36190931727 7.58740186766 8.2251519994 8.19066534039 7.62351766449 6.82897080816 6.16176064036 5.89287034423 6.10749594748 6.67230765446 7.28554860612 7.5931043297 7.32858006509 6.42521812379 5.05648574563 3.58759355888 2.45302158341 2.00323783894 2.37652371547 3.44399321006 4.84992556354 6.1347123137 6.89687784021 6.93538147075 6.31975222361 5.36156416655 4.49696143821 4.12301993035 4.44828204586 5.41305764133 6.70955175884 7.89487859736 8.55528584115 8.4604808318 7.65024715819 6.42052865499 5.21363768339 4.45323882054 4.38573279813 4.98762796213 5.97404740719 6.90572685994 7.35484862456 7.06776246913 6.06353587662 4.6311327143 3.22596006589 2.3043101026 2.15761102614 2.80851510128 4.00757281712 5.33129139528 6.34405831334 6.76222860198 6.55783961572 5.96233649028 5.36877366846 5.16982191744 5.59380470797 6.60237476695 7.89063337531 8.99195811994 9.45000262035 8.99428666662 7.65341975266 5.76234018993 3.85876266636 2.50486035536 2.09783546999 2.7371706244 4.19552078512 6.00225834289 7.60783126236 8.56852727373 8.68540838529 8.04990327121 6.98438542549 5.90523931908 5.16358634921 4.92476999582 5.13011056497 5.55061563088 5.90572095519 
5.66332403187 6.12454058944 6.99679132636 8.06028585775 9.04154931851 9.66961119719 9.73453630171 9.13901690412 7.93181823144 6.31195198936 4.59650634651 3.15353498095 2.31248941038 2.27459937618 3.04999477924 4.44414237205 6.10318904691 7.6094296407 8.60040506456 8.87474844799 8.44951715444 7.54800785112 6.51985988359 5.71893449792 5.38039618422 5.54027421091 6.02705145787 6.52974664874 6.7192265583 6.37923767067 5.49869571126 4.28956004052 3.12106431579 2.39182932841 2.38514908206 3.16043822659 4.5220870339 6.07957919009 7.3794385241 8.0626119224 7.99045635104 7.29285468996 6.31975222361 5.51262380735 5.24210314642 5.67108093949 6.69386758723 7.97442357828 9.07018848527 9.59615667851 9.3684980013 8.47412550561 7.23976621457 6.11136018333 5.48816627429 5.57320544981 6.29602283836 7.33712067769 8.24561296806 8.60676075712 8.197165514 7.06971400999 5.53640413712 4.05528549667 3.06366913073 2.81997971686 3.31345537368 4.27542636264 5.28762078848 5.94623473398 6.01923704792 5.53667723359 4.77890106712 4.16619701061 4.09099289233 4.75608662442 6.08097269667 7.71347529718 9.14479914357 9.8873474125 9.65075999842 8.4516004278 6.61605256065 4.67399985134 3.1824350544 2.54158681716 2.86908514753 3.97538828042 5.4460233299 6.79717872083 7.64541615285 7.82918012738 7.44012432827 6.75789675094 6.1190590679 5.77502087901 5.79610984742 6.05863426515 6.31725336185 6.3299292337 
6.35920259224 7.08716689442 8.0071589893 8.86857564204 9.41804577435 9.45768654878 8.89294106562 7.7613665842 6.2355612842 4.59650634651 3.17874868982 2.29585698065 2.16181393302 2.82872317204 4.16063285796 5.85597436568 7.5180455006 8.75767172892 9.29982582936 9.06155897821 8.17485144943 6.94403646422 5.74860604234 4.92135860259 4.64190756509 4.88217784398 5.42393185937 5.94374370298 6.13665555017 5.83484754207 5.07795141896 4.10775051468 3.28672045772 2.96779114059 3.36160410125 4.45008021155 5.9797633214 7.54021447251 8.70169345136 9.16386604428 8.86189190882 7.99045635104 6.93538147075 6.13601446966 5.9273411303 6.41901756256 7.45584547248 8.67492470635 9.63935199098 9.99989886416 9.62524543218 8.65235342261 7.43764306012 6.42621860903 5.98695378869 6.27435635246 7.16871076608 8.31732993783 9.26233628491 9.60811896833 9.16657207612 8.02616699964 6.51905409121 5.09833851194 4.17128679189 3.95086401897 4.38131863969 5.16587658936 5.88623017516 6.16876669217 5.83447311949 4.97507774031 3.92531375546 3.14011037548 3.02150214106 3.75956985125 5.24734951496 7.10284754702 8.79196230336 9.808845629 9.84892189845 8.91235776097 7.30126497844 5.51278909015 4.06798631537 3.33900289297 3.43627882685 4.19387498924 5.25372278173 6.2128472839 6.77529767106 6.8508872439 6.56540907436 6.1827442335 5.97418515772 6.09072348563 6.49204384242 6.96234575896 7.20720505616 6.99172006681 
6.53435948898 7.42586411916 8.27297088185 8.83500999085 8.92110339225 8.43797705895 7.41706283237 6.0157382748 4.49167360022 3.15353498095 2.29585698065 2.13035146565 2.72909391649 3.99524909233 5.67286712299 7.39859765002 8.78653769221 9.5261475678 9.46629495794 8.65933094161 7.34872664722 5.90017354396 4.69432270657 4.01328503894 3.95723048483 4.41946843316 5.13002870384 5.75471973391 6.01682707499 5.79935689696 5.19099946887 4.45769606947 3.94775956804 3.96280794483 4.6403785799 5.89155564102 7.41851157163 8.80865066066 9.67401902499 9.78710137943 9.16386604428 8.0626119224 6.89687784021 6.09183719189 5.93480916461 6.47371707041 7.50089773239 8.62920698675 9.43378586851 9.60845570174 9.07966236938 8.03574336028 6.85990589779 5.99061157552 5.76007287999 6.27016830986 7.35185137002 8.62370481053 9.6287681481 9.99964378823 9.59106877322 8.53083144845 7.16997272827 5.95060040568 5.24047477236 5.19622230252 5.70669683655 6.43829998739 6.96594049429 6.94095274333 6.23286886297 4.9910014075 3.60115907305 2.55168509708 2.25694796467 2.90274471304 4.37061751049 6.26949880999 8.0639394846 9.25295328274 9.53528850345 8.90242631773 7.62765429051 6.15797271521 4.95095280752 4.31779589131 4.32975022164 4.81955334773 5.47260830695 5.96839946902 6.11430131086 5.91837674337 5.5731298419 5.35848682626 5.50525902186 6.07694067462 6.92115927208 7.71466876157 8.08794636611 7.78200807565 
6.24169903897 7.17650610206 7.85704983071 8.08807396573 7.7689476417 6.92156356116 5.69115950541 4.3202383213 3.10062500189 2.31248941038 2.16181393302 2.72909391649 3.94148920912 5.57750802738 7.3072594382 8.76293438788 9.62524543218 9.70479086102 8.99553267203 7.68256118215 6.09777234708 4.63228270059 3.62874736722 3.28516712399 3.60059702629 4.38170059287 5.31025596562 6.05141223627 6.36772400169 6.20040009835 5.68885541659 5.11998678796 4.82299268854 5.04550563333 5.85489133428 7.10127351654 8.45806977734 9.52848843154 9.98218102389 9.67401902499 8.70169345136 7.3794385241 6.1347123137 5.36265931866 5.28936672832 5.89303926292 6.91242969067 7.94092498544 8.57363511751 8.55502487846 7.87357270693 6.76841077456 5.64450051026 4.92626098689 4.90245810862 5.61898623643 6.85923112451 8.21994333069 9.25549871936 9.63799120613 9.27432302733 8.33688526834 7.19608711663 6.27932654331 5.90855242516 6.17700936508 6.91173734461 7.73689704081 8.21554696611 8.01797961863 7.05418425483 5.52053521564 3.84194957722 2.52910185484 2.00165868036 2.44124519968 3.72719117993 5.47793152473 7.18242160762 8.37335544158 8.77940626983 8.40246572767 7.49451877628 6.44647947265 5.63379186168 5.27865580082 5.38080243731 5.74101929331 6.0648728736 6.10252775294 5.76647257688 5.17789612971 4.62107875303 4.42244705583 4.80232424519 5.76038577971 7.04481720518 8.22380448663 8.83791679652 8.57852523151 
5.75514090948 6.6107841006 7.05940758235 6.97765249725 6.3664252614 5.35345951324 4.16726409587 3.08862237457 2.38992858709 2.27459937618 2.82872317204 3.99524909233 5.57750802738 7.27379445283 8.73845231571 9.65829364128 9.82778006705 9.20412182153 7.92589600667 6.28643950107 4.66490715901 3.43054825686 2.84545850515 2.99408481946 3.76208096948 4.87348417255 5.97727784855 6.75788077293 7.03477867578 6.8182655463 6.30139361633 5.78901704378 5.58649078218 5.88556203669 6.68755104305 7.79243836968 8.8602963221 9.5260168583 9.52848843154 8.80865066066 7.54021447251 6.07957919009 4.84992556354 4.1985396533 4.2772469574 4.98902671513 6.02132498506 6.95599045343 7.41799764587 7.21036701252 6.38664332104 5.23396561323 4.17165493929 3.60093826751 3.75967963585 4.63488995629 5.96539149219 7.33447441409 8.31945311211 8.64380975239 8.2760865088 7.4387005019 6.52267938525 5.93902050532 5.96116803688 6.61704914096 7.67150801962 8.7070766401 9.27481033537 9.06074063936 8.00712300638 6.34360991149 4.51604065822 3.03779635063 2.31689707293 2.52077164596 3.52664711899 4.97396113084 6.39781369049 7.39315173665 7.74901427809 7.50454397168 6.90882590482 6.30339768111 5.97549878322 6.04065680687 6.40100958195 6.79548639995 6.92124812412 6.57684001949 5.7677395015 4.72853783073 3.84808061813 3.52243671902 3.99071731211 5.21852917535 6.87873428496 8.44412891023 9.36435191255 9.26564316094 
5.4411905357 6.106846468 6.28356762866 5.93537520439 5.1605702149 4.16790147013 3.22761890022 2.60904030996 2.5183995655 3.04999477924 4.16063285796 5.67286712299 7.3072594382 8.73845231571 9.66481013313 9.87757516761 9.31389783234 8.07974122026 6.434049712 4.73425161441 3.35343031418 2.58858991175 2.5842731685 3.29401907233 4.49322438781 5.84272012264 6.9867597604 7.65717290104 7.75159355999 7.36006631652 6.72975860574 6.17746338142 5.97754705955 6.26260569638 6.97141128227 7.86390437581 8.60049697315 8.8602963221 8.45806977734 7.41851157163 5.9797633214 4.5220870339 3.44399321006 3.02762347471 3.340492535 4.20934801599 5.27737665955 6.12664638432 6.42394537987 6.03880093689 5.09124273512 3.91114489564 2.92235445011 2.49209134262 2.79928939702 3.76953709897 5.1008601686 6.37195567106 7.19437565568 7.35361615262 6.88738217287 6.07158900901 5.31806029138 5.02031562378 5.40338936438 6.43292847032 7.81786434935 9.10718063077 9.84695842113 9.74157644574 8.76097677136 7.15515929976 5.37060012535 3.89883646152 3.1119390845 3.14394824777 3.85995413418 4.92181404943 5.92369507447 6.54509431162 6.66329242291 6.38348117855 5.97692148153 5.75324917906 5.91879027297 6.47850525521 7.22250970909 7.80512766987 7.88759663515 7.28904227057 6.08469870966 4.60834419217 3.35135801667 2.79066351242 3.20702601165 4.56223848231 6.4851757759 8.37857908575 9.6142952843 9.75072926201 
5.59348160029 5.98199976063 5.86898697009 5.30991463973 4.48396454889 3.64678396549 3.06615251005 2.95610328867 3.42435325412 4.44414237205 5.85597436568 7.39859765002 8.76293438788 9.65829364128 9.87757516761 9.34765926227 8.1531062996 6.52580173125 4.79998172129 3.340165345 2.45715062048 2.3321906073 2.96971801811 4.19348660509 5.69035461806 7.09260850361 8.07754317591 8.45607332555 8.22338929181 7.5546441711 6.74498922013 6.11111641534 5.88493399755 6.13414829014 6.73720906253 7.42298316076 7.86390437581 7.79243836968 7.10127351654 5.89155564102 4.45008021155 3.16043822659 2.37652371547 2.30120768297 2.91283529504 3.96693380354 5.07495397805 5.83473886927 5.96836739262 5.41916227562 4.37287071557 3.19411189321 2.2991418217 2.00913690386 2.43601610256 3.44209919448 4.68906842227 5.75977041364 6.30980679319 6.19437595954 5.52391722666 4.62720052283 3.93377408553 3.81715222382 4.4549949916 5.75715968926 7.38856657021 8.87981564642 9.78671839014 9.84199982236 9.04505474306 7.65799596101 6.11023083898 4.84700121369 4.17747769184 4.1776154743 4.68213831834 5.36642611025 5.88526681036 6.01410459763 5.73769965756 5.25144714492 4.87446587226 4.90821396348 5.49657526508 6.54434307767 7.72995070233 8.61267115573 8.79754502761 8.09705402584 6.62666457877 4.79329071693 3.17403109814 2.32343801299 2.57592769462 3.91482111244 5.95836376811 8.07286566054 9.57793603775 9.97490260538 
6.29725785846 6.35455553899 5.95531564591 5.23995318939 4.44370315345 3.83216166882 3.6311591933 3.96815775041 4.8384819159 6.10318904691 7.5180455006 8.78653769221 9.62524543218 9.82778006705 9.31389783234 8.1531062996 6.55670524489 4.83821521552 3.34877323503 2.40019440237 2.19258844927 2.76424015241 3.97794117998 5.55013573922 7.11849804364 8.33254404437 8.94390049037 8.87086501407 8.21737959602 7.23873505814 6.26209000377 5.58446708541 5.37935340828 5.64199039325 6.1924135021 6.73720906253 6.97141128227 6.68755104305 5.85489133428 4.6403785799 3.36160410125 2.38514908206 2.00323783894 2.33060036863 3.25815983997 4.4818001234 5.59892943232 6.24157201035 6.20086151795 5.49939639159 4.38495807099 3.24606079784 2.47740623693 2.34171405995 2.87673087487 3.88119105607 4.98603732859 5.78685601193 5.99109207841 5.527433025 4.57737243071 3.51621937551 2.78314797211 2.72568410096 3.4738523127 4.88924173071 6.60782267217 8.16183596093 9.13758770403 9.31294625478 8.72566034432 7.64878965006 6.48345826562 5.60937885198 5.24894813134 5.39537535372 5.83109337401 6.22849383775 6.29355333569 5.89606508332 5.13454929318 4.30821467367 3.80378496361 3.93841100759 4.81855125887 6.27114881698 7.87833729074 9.10903270275 9.50388802483 8.84798545779 7.2670039744 5.20767931871 3.30370432152 2.16952838008 2.19183210981 3.39154818602 5.4064966703 7.60363025644 9.28485472091 9.91732977811 
7.37864456952 7.08964725564 6.43101643262 5.61269869127 4.8969539612 4.52497982435 4.65111088139 5.30083226683 6.36190931727 7.6094296407 8.75767172892 9.5261475678 9.70479086102 9.20412182153 8.07974122026 6.52580173125 4.83821521552 3.3543655163 2.38112977229 2.12619111099 2.64812446065 3.83796963196 5.43893569567 7.10231221688 8.46833470281 9.25308980919 9.31905224303 8.70926075363 7.63366374973 6.40905406283 5.36781352492 4.76113261595 4.68572361734 5.0574778243 5.64199039325 6.13414829014 6.26260569638 5.88556203669 5.04550563333 3.96280794483 2.96779114059 2.39182932841 2.45302158341 3.17546100045 4.37128104969 5.69423103454 6.74913869459 7.22162660667 6.98408453842 6.14060877205 4.99365436287 3.94194947715 3.34355860601 3.39114035629 4.04337986367 5.03785938141 5.9824543766 6.49448106899 6.33922933197 5.51874277286 4.27843662291 3.0277740974 2.20173101333 2.11124040721 2.83533433132 4.19337111675 5.80743423552 7.23275644753 8.10950335764 8.2814623674 7.83916935979 7.0726093211 6.35189049275 5.98101880756 6.08011523229 6.54109470772 7.07448093869 7.33057404952 7.04936639619 6.18133209377 4.93049192082 3.69906518156 2.9496475098 3.03279016134 4.04308060872 5.75917397359 7.69480602776 9.24842412716 9.90276766599 9.40580469771 7.8685421553 5.74250272597 3.68086422324 2.3279799215 2.107774693 3.08300938528 4.93382035892 7.06335237098 8.79484601103 9.59339765199 
8.46011099732 7.85044297996 6.98553853695 6.12270978278 5.52154233645 5.37078346885 5.73610091996 6.54144937229 7.58740186766 8.60040506456 9.29982582936 9.46629495794 8.99553267203 7.92589600667 6.434049712 4.79998172129 3.34877323503 2.38112977229 2.10705716862 2.59687553311 3.76090240766 5.36381183062 7.0725386078 8.52884114427 9.43094595441 9.60494834163 9.04737838959 7.92615541034 6.53723401565 5.22629048575 4.29546752924 3.92103076708 4.10637092934 4.68572361734 5.37935340828 5.88493399755 5.97754705955 5.58649078218 4.82299268854 3.94775956804 3.28672045772 3.12106431579 3.58759355888 4.62363172761 5.97716019697 7.2815272885 8.17193402421 8.40559409623 7.94465336851 6.97220584073 5.83375929802 4.92203793092 4.54324806332 4.8105595285 5.60241957952 6.60173490692 7.40410469533 7.65881673078 7.19399643526 6.08183447293 4.62004079983 3.234767191 2.33803304165 2.18921920678 2.80931323568 3.97828231771 5.31649560986 6.42095964374 7.00718155391 7.00515337396 6.57439735406 6.03253406877 5.72383669379 5.87699172987 6.50622026895 7.39481308423 8.17011134493 8.44475375105 7.97314878206 6.76440215769 5.10670928393 3.48908462528 2.44345101466 2.3601815501 3.34203962089 5.15029479857 7.26600626188 9.04960290097 9.94696223237 9.67270137411 8.30783107296 6.27736613479 4.21419810821 2.75437358492 2.33232778233 3.04443854483 4.6256171215 6.54488649909 8.18559278399 9.04802321084 
9.10174028515 8.23462580861 7.24367332531 6.40702936616 5.95391715792 6.00071554269 6.5195358691 7.34638222803 8.2251519994 8.87474844799 9.06155897821 8.65933094161 7.68256118215 6.28643950107 4.73425161441 3.340165345 2.40019440237 2.12619111099 2.59687553311 3.73649745961 5.3263564161 7.04788069334 8.54929490548 9.52228361854 9.7717709829 9.26209999272 8.12708126285 6.63923995448 5.14365503467 3.97162316293 3.35613255569 3.37236424998 3.92103076708 4.76113261595 5.58446708541 6.11111641534 6.17746338142 5.78901704378 5.11998678796 4.45769606947 4.10775051468 4.28956004052 5.05648574563 6.2683620437 7.62792701704 8.77170682085 9.3870365185 9.31674785758 8.61557238179 7.53727438613 6.45437299412 5.73548196931 5.62075311434 6.13794618374 7.08901544577 8.11365685728 8.80982032576 8.87093245173 8.19281672545 6.91283049372 5.36666180099 3.97679405581 3.11086277357 2.95927631749 3.47527041385 4.39884286791 5.35622524414 5.99924046585 6.13398280859 5.79141285901 5.21294885384 4.75491092803 4.74577332391 5.34860443354 6.48079125709 7.82374144812 8.9232629595 9.34801656656 8.85087415845 7.47467776152 5.56153807252 3.65768030077 2.34257812328 2.03871576909 2.86677902957 4.5970177705 6.71549723122 8.58493169636 9.64733028294 9.60114252002 8.49410175787 6.70159307929 4.79915229276 3.37316520551 2.83377597606 3.2917758749 4.53800839032 6.12807936181 7.53957783665 8.3459031032 
8.9739723135 7.94237044329 6.92854660249 6.20307655792 5.9410322232 6.17498408959 6.7890068904 7.55363291832 8.19066534039 8.44951715444 8.17485144943 7.34872664722 6.09777234708 4.66490715901 3.35343031418 2.45715062048 2.19258844927 2.64812446065 3.76090240766 5.3263564161 7.03858698635 8.55356921429 9.5623390746 9.85872280418 9.3864963365 8.25437753866 6.7136951972 5.10195043757 3.76406835555 2.96975137504 2.84789075974 3.35613255569 4.29546752924 5.36781352492 6.26209000377 6.74498922013 6.72975860574 6.30139361633 5.68885541659 5.19099946887 5.07795141896 5.49869571126 6.42521812379 7.65312232114 8.86101052233 9.71152024546 9.96217192174 9.54937658871 8.61628353612 7.47278129886 6.49840907024 6.01872870608 6.19591256074 6.97096176967 8.07864999656 9.13210888901 9.75002390326 9.68403876339 8.90284006889 7.60338113295 6.14437988057 4.92423325312 4.24536865912 4.21256503845 4.70156872336 5.40993690711 5.97281375035 6.10260733984 5.70195037431 4.90772780682 4.04782639041 3.52345827872 3.65742200675 4.56248916966 6.07887591378 7.80679053226 9.22704271641 9.8711428083 9.48346442708 8.11888874365 6.14005322542 4.11202825149 2.62737371111 2.11884370766 2.72191999692 4.23299366491 6.17693808256 7.96108507563 9.06390818002 9.19586383115 8.3803842079 6.93100543884 5.33608205032 4.09308505155 3.54969359114 3.80397947562 4.69335369398 5.8701555372 6.9323156618 7.56065085915 
7.99450493798 6.9092969897 5.98831720676 5.46680282993 5.44710560512 5.87447480499 6.55819796647 7.23022602195 7.62351766449 7.54800785112 6.94403646422 5.90017354396 4.63228270059 3.43054825686 2.58858991175 2.3321906073 2.76424015241 3.83796963196 5.36381183062 7.04788069334 8.55356921429 9.57319704356 9.89464373254 9.44873450348 8.32670461 6.76289967283 5.08511363813 3.64234579495 2.72568410096 2.50087804706 2.96975137504 3.97162316293 5.22629048575 6.40905406283 7.23873505814 7.5546441711 7.36006631652 6.8182655463 6.20040009835 5.79935689696 5.83484754207 6.37923767067 7.32858006509 8.43010506621 9.35971751375 9.82638898823 9.67032416086 8.92219280803 7.8020579898 6.65571806549 5.84699451553 5.64006549321 6.11069434251 7.11697905281 8.34126212083 9.39113268555 9.92699083976 9.77362936829 8.97759723213 7.78977903104 6.5779776177 5.69872954644 5.37251857163 5.60641928085 6.19255909888 6.78465692333 7.02718666236 6.69218568218 5.77456046362 4.50989448534 3.30511464235 2.60299650631 2.72568410096 3.75143834788 5.46910327171 7.42921226703 9.07781745081 9.93032243996 9.72794242734 8.52423006848 6.67198555292 4.71409012776 3.21397680397 2.58150488479 2.95106356861 4.15054014522 5.76878905044 7.29626240744 8.28989001833 8.50703720762 7.96612143696 6.91822843393 5.74503990411 4.82258038141 4.39949125942 4.53016983371 5.0809981472 5.80066711121 6.423403729 6.76457474159 
6.37509304077 5.35096319523 4.63546556024 4.40380764098 4.67326051967 5.30529432303 6.05275428302 6.63656289904 6.82897080816 6.51985988359 5.74860604234 4.69432270657 3.62874736722 2.84545850515 2.5842731685 2.96971801811 3.97794117998 5.43893569567 7.0725386078 8.54929490548 9.5623390746 9.89464373254 9.46733941963 8.35884208607 6.79043304479 5.08072453609 3.57799158465 2.58446939723 2.28926864871 2.72568410096 3.76406835555 5.14365503467 6.53723401565 7.63366374973 8.21737959602 8.22338929181 7.75159355999 7.03477867578 6.36772400169 6.01682707499 6.13665555017 6.7192265583 7.5931043297 8.47469804532 9.05769709461 9.11361150117 8.57138551756 7.54921765538 6.32601002771 5.2591034763 4.67300084367 4.75451246417 5.4891550146 6.66130194399 7.92011239888 8.89123135567 9.2981102051 9.05233914322 8.2816460878 7.28458041165 6.42577482282 6.00662553277 6.15582773113 6.77868935302 7.58489112271 8.18758981942 8.24155532093 7.573242294 6.25682996882 4.60743088157 3.09038055703 2.17444035092 2.17686644773 3.15243054831 4.86484064897 6.85196893612 8.564946991 9.53625910023 9.52206762094 8.5726092886 7.00867725571 5.31361648798 3.9780862365 3.34957316179 3.53541593977 4.38840087603 5.57502608734 6.69863571769 7.43250545829 7.61724934946 7.29223091371 6.65587089188 5.97534314048 5.48281963762 5.29746114419 5.39968630264 5.66233734897 5.92095956677 6.05118711865 6.02041777393 
4.55812487568 3.69935787144 3.28129228983 3.39970779725 3.98141319291 4.81386303947 5.61482120063 6.11988690752 6.16176064036 5.71893449792 4.92135860259 4.01328503894 3.28516712399 2.99408481946 3.29401907233 4.19348660509 5.55013573922 7.10231221688 8.52884114427 9.52228361854 9.85872280418 9.44873450348 8.35884208607 6.7992391974 5.08055567168 3.54871049377 2.51141677264 2.17190737306 2.58446939723 3.64234579495 5.10195043757 6.63923995448 7.92615541034 8.70926075363 8.87086501407 8.45607332555 7.65717290104 6.75788077293 6.05141223627 5.75471973391 5.94374370298 6.52974664874 7.28554860612 7.91568159562 8.15050943199 7.83574404431 6.98871717103 5.80189040618 4.59007720083 3.69592038108 3.38248767238 3.74743416269 4.68765551604 5.92793537726 7.10641316584 7.89045805785 8.08531193579 7.69885831399 6.93932489659 6.14461630392 5.66519213627 5.739060214 6.40156269848 7.46228271786 8.55959141951 9.27716303002 9.28505668691 8.45831252707 6.93212576254 5.07290180847 3.37229087517 2.29731117904 2.14496305424 2.94890490557 4.46887693186 6.26623431053 7.84046311511 8.78163462803 8.88919944046 8.21978655513 7.05135040848 5.77939512114 4.78318897331 4.3082726396 4.40358061108 4.93043651279 5.63446858797 6.24972239403 6.59467498161 6.62555702909 6.43070355903 6.17325635948 6.00927088105 6.01663890993 6.16424261078 6.33305408597 6.37871446497 6.20744371292 5.8311450911 5.3758347381 
3.06501797613 2.45356029172 2.38895441423 2.87522836351 3.75082609274 4.74444820189 5.56172510665 5.97549878322 5.89287034423 5.38039618422 4.64190756509 3.95723048483 3.60059702629 3.76208096948 4.49322438781 5.69035461806 7.11849804364 8.46833470281 9.43094595441 9.7717709829 9.3864963365 8.32670461 6.79043304479 5.08055567168 3.54052915308 2.48141615939 2.11563001611 2.51141677264 3.57799158465 5.08511363813 6.7136951972 8.12708126285 9.04737838959 9.31905224303 8.94390049037 8.07754317591 6.9867597604 5.97727784855 5.31025596562 5.13002870384 5.42393185937 6.02705145787 6.67230765446 7.07276252733 7.01251818485 6.41860549659 5.39065232874 4.1771243182 3.10326783049 2.4715801613 2.46553186769 3.08774548799 4.1541375647 5.34824129798 6.32033900855 6.80054409614 6.68898360139 6.09225219802 5.29192071685 4.65300675421 4.5007433669 5.0057358414 6.11633136237 7.56264607671 8.93357232473 9.80375083189 9.87014657212 9.05359951802 7.53132655522 5.68857824465 4.0041932558 2.90670420338 2.64742812688 3.23119284235 4.42591152244 5.8457678365 7.07842091511 7.81276960853 7.92512705987 7.49747937514 6.76602862826 6.02258916852 5.50690345827 5.32916724733 5.44887878189 5.71373613909 5.93925695821 5.99481319132 5.86047277063 5.63178257974 5.47136046782 5.52832014436 5.86032047398 6.39277613834 6.93529189198 7.25212649518 7.16054461291 6.61755203737 5.75755010069 4.86083177169 
2.31248941038 2.0001904067 2.30037300608 3.12117302852 4.22229444437 5.29366418511 6.05230180892 6.32724475814 6.10749594748 5.54027421091 4.88217784398 4.41946843316 4.38170059287 4.87348417255 5.84272012264 7.09260850361 8.33254404437 9.25308980919 9.60494834163 9.26209999272 8.25437753866 6.76289967283 5.08072453609 3.54871049377 2.48141615939 2.09928207115 2.48141615939 3.54871049377 5.08072453609 6.76289967283 8.25437753866 9.26209999272 9.60494834163 9.25308980919 8.33254404437 7.09260850361 5.84272012264 4.87348417255 4.38170059287 4.41946843316 4.88217784398 5.54027421091 6.10749594748 6.32724475814 6.05230180892 5.29366418511 4.22229444437 3.12117302852 2.30037300608 2.0001904067 2.31248941038 3.14619771306 4.25005109934 5.28786470991 5.94432937356 6.02831044298 5.53986096902 4.67746931598 3.7806063336 3.22366591169 3.29401907233 4.09338267723 5.49545037259 7.1753437352 8.70334383298 9.67412032418 9.8304762048 9.14180517992 7.81190708804 6.21387727258 4.77377547608 3.84153030979 3.59126650008 3.98262246215 4.79331905777 5.7086894615 6.43471597201 6.79409351042 6.77237439707 6.50051517385 6.18403417828 6.00866635014 6.06055339376 6.29257090585 6.54977010596 6.64315414393 6.44124667961 5.94092229836 5.28617677241 4.72354982034 4.50833899961 4.79675089179 5.56723630707 6.60561373284 7.56569664011 8.08815791125 7.9362211637 7.09710762913 5.80757913931 4.48792946557 
2.46553186769 2.4715801613 3.10326783049 4.1771243182 5.39065232874 6.41860549659 7.01251818485 7.07276252733 6.67230765446 6.02705145787 5.42393185937 5.13002870384 5.31025596562 5.97727784855 6.9867597604 8.07754317591 8.94390049037 9.31905224303 9.04737838959 8.12708126285 6.7136951972 5.08511363813 3.57799158465 2.51141677264 2.11563001611 2.48141615939 3.54052915308 5.08055567168 6.79043304479 8.32670461 9.3864963365 9.7717709829 9.43094595441 8.46833470281 7.11849804364 5.69035461806 4.49322438781 3.76208096948 3.60059702629 3.95723048483 4.64190756509 5.38039618422 5.89287034423 5.97549878322 5.56172510665 4.74444820189 3.75082609274 2.87522836351 2.38895441423 2.45356029172 3.06501797613 4.04775832048 5.10292235562 5.89815093432 6.17232166909 5.82250382942 4.94450922674 3.81200802653 2.79830643008 2.26354070167 2.44205807242 3.36586706583 4.84943651246 6.5418917303 8.030917507 8.9656265562 9.15914090322 8.63810590626 7.62388101054 6.45294312832 5.46435261207 4.89291598046 4.80407699903 5.09136924213 5.53474838597 5.89628436405 6.01642800984 5.87430645193 5.58933621548 5.3639514745 5.39016347194 5.75735088668 6.39931326901 7.1044894432 7.58920426835 7.60867534602 7.06390340737 6.06130712897 4.897359492 3.96758210548 3.62838825989 4.06046438666 5.1854388778 6.67130408266 8.03137835269 8.78714419338 8.63970617761 7.58790781457 5.94688856581 4.25448228049 
3.38248767238 3.69592038108 4.59007720083 5.80189040618 6.98871717103 7.83574404431 8.15050943199 7.91568159562 7.28554860612 6.52974664874 5.94374370298 5.75471973391 6.05141223627 6.75788077293 7.65717290104 8.45607332555 8.87086501407 8.70926075363 7.92615541034 6.63923995448 5.10195043757 3.64234579495 2.58446939723 2.17190737306 2.51141677264 3.54871049377 5.08055567168 6.7992391974 8.35884208607 9.44873450348 9.85872280418 9.52228361854 8.52884114427 7.10231221688 5.55013573922 4.19348660509 3.29401907233 2.99408481946 3.28516712399 4.01328503894 4.92135860259 5.71893449792 6.16176064036 6.11988690752 5.61482120063 4.81386303947 3.98141319291 3.39970779725 3.28129228983 3.69935787144 4.55812487568 5.61439021105 6.5461067649 7.04896334218 6.93215663981 6.18335596386 4.98116730523 3.6490712602 2.56315324968 2.04111883936 2.24696861199 3.14166037986 4.4959954596 5.96212691824 7.18092676519 7.89043049226 7.99998620228 7.60609840987 6.94569234679 6.30401698616 5.91019577321 5.85781919294 6.0790990051 6.38178711681 6.53497476489 6.37131528781 5.86612301976 5.16124559293 4.52143224033 4.23630540422 4.50277898471 5.33253183525 6.52262224553 7.70601551479 8.46976890353 8.50222595586 7.7167972215 6.30465269589 4.69134008284 3.40574312975 2.9023094505 3.39715456864 4.77754082645 6.62152418192 8.32726705274 9.31232140702 9.21614136608 8.03455708965 6.13567438157 4.14641305932 
